1,"開放 SaaS 平台",92,3,76,16,86,10,10,4,0
2,"線上資料庫",69,20,82,8,85,12,13,5,0
3,"選舉指南",98,2,91,3,96,4,3,6,1
4,"點對點分散式網路",73,15,64,24,78,15,18,20,0
5,"剩食大平台",73,15,66,22,86,10,16,19,0
6,"求職小幫手",90,5,79,12,72,20,12,22,0
7,"美國台灣觀測協會",90,5,62,26,93,6,12,4,1
8,"國會監視器",72,17,87,7,74,19,14,1,1
9,"協作資料夾 2.0",91,4,70,21,90,8,11,18,0
10,"線上課程平台",75,14,73,17,72,20,17,28,0
11,"協作式筆記系統",66,23,73,17,66,26,22,22,0
12,"剩食資料庫系統",81,11,63,25,67,24,20,8,0
13,"社區食倉",71,18,66,22,85,12,17,8,2
14,"文字工作者大平台",66,23,96,1,67,24,16,12,0
15,"自動逐字稿輔助編寫平台",67,22,77,14,77,17,18,7,0
16,"司法透視鏡 - 一起監督司法",65,25,80,11,91,7,14,3,0
17,"台灣ㄟ姻仔",76,13,89,6,71,22,14,21,3
18,"農業微型監視儀",85,10,61,27,75,18,18,23,3
19,"台灣在地化分散式字點",88,7,81,9,100,1,6,27,0
20,"xota.co 71",18,91,3,100,1,7,10,0
21,"從 AM2.5 到 PM2.5",87,8,77,14,64,27,16,6,0
22,"新聞儀表板",61,27,78,13,78,15,18,16,1
23,"山林間測快手",80,12,72,20,94,5,12,27,0
24,"台灣在地化地圖計畫",86,9,81,9,90,8,9,16,0
25,"資訊透明度量表",69,20,90,5,85,12,12,24,2
26,"智慧漸凍人補助器",64,26,94,2,70,23,17,20,0
27,"離職書產生器",99,1,73,17,99,3,7,19,0
